{
  "accuracy": 0.6453576864535768,
  "mcc": 0.5294707251047316,
  "f1_score": 0.6523188257036378,
  "predictions": [
    3,
    3,
    2,
    2,
    3,
    3,
    0,
    0,
    3,
    2,
    0,
    2,
    3,
    0,
    3,
    0,
    3,
    3,
    0,
    0,
    3,
    3,
    2,
    3,
    3,
    3,
    3,
    3,
    3,
    3,
    0,
    3,
    3,
    0,
    0,
    3,
    3,
    0,
    3,
    3,
    3,
    3,
    3,
    3,
    3,
    3,
    3,
    3,
    3,
    3,
    3,
    0,
    3,
    0,
    3,
    1,
    2,
    3,
    3,
    3,
    0,
    3,
    0,
    3,
    2,
    0,
    3,
    0,
    3,
    0,
    2,
    3,
    3,
    3,
    3,
    2,
    3,
    3,
    3,
    3,
    3,
    3,
    0,
    3,
    3,
    3,
    2,
    3,
    2,
    3,
    3,
    3,
    3,
    3,
    3,
    3,
    0,
    2,
    3,
    3,
    3,
    3,
    2,
    3,
    2,
    0,
    3,
    2,
    2,
    3,
    3,
    3,
    3,
    3,
    3,
    0,
    0,
    3,
    0,
    3,
    3,
    0,
    3,
    3,
    3,
    0,
    0,
    3,
    3,
    3,
    3,
    0,
    1,
    3,
    3,
    0,
    3,
    0,
    3,
    3,
    3,
    0,
    3,
    3,
    3,
    3,
    3,
    3,
    3,
    3,
    3,
    3,
    2,
    3,
    2,
    3,
    3,
    3,
    3,
    3,
    0,
    3,
    0,
    0,
    3,
    2,
    3,
    0,
    0,
    0,
    3,
    3,
    3,
    3,
    3,
    3,
    3,
    3,
    3,
    3,
    3,
    3,
    2,
    3,
    3,
    3,
    3,
    3,
    3,
    3,
    3,
    0,
    0,
    3,
    3,
    2,
    3,
    0,
    0,
    3,
    3,
    3,
    3,
    0,
    1,
    1,
    3,
    3,
    3,
    3,
    3,
    3,
    0,
    0,
    3,
    2,
    3,
    0,
    3,
    3,
    3,
    0,
    3,
    3,
    3,
    3,
    3,
    3,
    1,
    1,
    3,
    2,
    3,
    3,
    3,
    3,
    3,
    2,
    3,
    0,
    3,
    3,
    3,
    0,
    3,
    3,
    2,
    3,
    0,
    0,
    0,
    3,
    3,
    3,
    0,
    3,
    0,
    3,
    3,
    3,
    3,
    3,
    3,
    3,
    3,
    3,
    3,
    3,
    3,
    3,
    0,
    1,
    0,
    3,
    3,
    3,
    3,
    3,
    3,
    3,
    3,
    3,
    3,
    3,
    2,
    2,
    0,
    3,
    3,
    3,
    0,
    0,
    3,
    0,
    3,
    3,
    3,
    3,
    3,
    2,
    2,
    2,
    0,
    0,
    3,
    0,
    3,
    0,
    0,
    3,
    2,
    0,
    3,
    1,
    3,
    3,
    3,
    3,
    3,
    0,
    3,
    2,
    3,
    3,
    3,
    3,
    0,
    3,
    3,
    0,
    3,
    0,
    3,
    3,
    3,
    3,
    3,
    3,
    3,
    3,
    3,
    3,
    3,
    3,
    3,
    0,
    2,
    3,
    3,
    3,
    3,
    2,
    2,
    0,
    2,
    3,
    3,
    3,
    3,
    0,
    3,
    0,
    3,
    3,
    3,
    3,
    3,
    0,
    0,
    3,
    3,
    0,
    2,
    3,
    0,
    3,
    3,
    3,
    3,
    2,
    2,
    3,
    3,
    3,
    2,
    2,
    3,
    3,
    0,
    2,
    0,
    3,
    3,
    3,
    3,
    3,
    3,
    3,
    0,
    0,
    0,
    3,
    3,
    3,
    3,
    3,
    3,
    3,
    3,
    0,
    3,
    3,
    3,
    0,
    3,
    3,
    3,
    3,
    3,
    3,
    3,
    3,
    3,
    3,
    3,
    3,
    3,
    3,
    3,
    3,
    3,
    3,
    3,
    3,
    0,
    0,
    3,
    3,
    3,
    3,
    0,
    3,
    3,
    3,
    3,
    0,
    2,
    3,
    3,
    3,
    0,
    0,
    3,
    0,
    0,
    3,
    3,
    3,
    0,
    3,
    0,
    0,
    3,
    0,
    3,
    3,
    3,
    0,
    3,
    2,
    3,
    3,
    0,
    0,
    3,
    3,
    3,
    3,
    3,
    0,
    3,
    0,
    0,
    3,
    0,
    1,
    3,
    3,
    3,
    3,
    3,
    1,
    2,
    3,
    3,
    0,
    0,
    3,
    2,
    0,
    3,
    3,
    2,
    0,
    3,
    0,
    0,
    0,
    2,
    0,
    3,
    0,
    3,
    0,
    0,
    2,
    1,
    3,
    0,
    3,
    3,
    0,
    3,
    2,
    1,
    2,
    3,
    0,
    2,
    0,
    0,
    3,
    0,
    0,
    3,
    0,
    0,
    3,
    0,
    3,
    3,
    3,
    0,
    3,
    0,
    3,
    3,
    0,
    0,
    0,
    0,
    0,
    1,
    0,
    0,
    0,
    0,
    0,
    0,
    0,
    0,
    2,
    2,
    3,
    2,
    3,
    0,
    0,
    2,
    0,
    0,
    3,
    0,
    2,
    0,
    3,
    2,
    0,
    0,
    0,
    2,
    0,
    2,
    2,
    3,
    0,
    2,
    0,
    0,
    0,
    2,
    0,
    0,
    3,
    0,
    0,
    0,
    0,
    3,
    2,
    2,
    2,
    0,
    2,
    0,
    0,
    3,
    2,
    0,
    3,
    0,
    3,
    0,
    0,
    0,
    3,
    0,
    0,
    0,
    0,
    0,
    2,
    2,
    0,
    1,
    2,
    3,
    0,
    0,
    0,
    0,
    0,
    0,
    2,
    2,
    0,
    0,
    0,
    0,
    0,
    0,
    0,
    0,
    0,
    3,
    0,
    0,
    2,
    2,
    0,
    0,
    2,
    0,
    0,
    0,
    0,
    0,
    0,
    2,
    0,
    0,
    2,
    0,
    2,
    0,
    2,
    0,
    3,
    0,
    2,
    0,
    0,
    3,
    0,
    0,
    0,
    0,
    0,
    0,
    0,
    0,
    0,
    0,
    0,
    0,
    2,
    0,
    0,
    0,
    0,
    0,
    0,
    0,
    0,
    0,
    0,
    0,
    0,
    0,
    2,
    2,
    3,
    0,
    0,
    3,
    2,
    2,
    0,
    0,
    0,
    3,
    0,
    0,
    0,
    2,
    3,
    2,
    0,
    2,
    0,
    3,
    3,
    2,
    0,
    0,
    3,
    0,
    0,
    3,
    0,
    0,
    0,
    3,
    0,
    2,
    0,
    0,
    0,
    0,
    3,
    2,
    0,
    3,
    2,
    2,
    2,
    0,
    0,
    3,
    0,
    3,
    2,
    0,
    0,
    0,
    0,
    0,
    0,
    3,
    3,
    2,
    0,
    2,
    3,
    1,
    0,
    0,
    2,
    0,
    1,
    0,
    0,
    0,
    3,
    0,
    0,
    1,
    2,
    0,
    0,
    0,
    2,
    0,
    3,
    0,
    0,
    2,
    0,
    0,
    0,
    3,
    3,
    0,
    0,
    0,
    3,
    2,
    2,
    0,
    0,
    2,
    0,
    0,
    2,
    2,
    2,
    0,
    0,
    0,
    0,
    0,
    0,
    0,
    0,
    0,
    2,
    2,
    0,
    0,
    0,
    0,
    2,
    3,
    3,
    2,
    0,
    0,
    2,
    0,
    2,
    2,
    0,
    0,
    0,
    0,
    2,
    3,
    0,
    0,
    0,
    0,
    0,
    0,
    0,
    2,
    2,
    0,
    0,
    0,
    0,
    0,
    0,
    0,
    0,
    3,
    0,
    0,
    0,
    0,
    0,
    0,
    0,
    0,
    0,
    0,
    0,
    0,
    0,
    0,
    0,
    3,
    0,
    2,
    0,
    2,
    0,
    0,
    0,
    0,
    0,
    0,
    0,
    0,
    2,
    2,
    0,
    0,
    0,
    0,
    2,
    0,
    0,
    0,
    0,
    0,
    3,
    3,
    0,
    2,
    0,
    0,
    3,
    3,
    0,
    0,
    0,
    3,
    3,
    0,
    2,
    3,
    0,
    0,
    0,
    3,
    3,
    0,
    0,
    0,
    0,
    3,
    3,
    3,
    0,
    0,
    2,
    0,
    0,
    0,
    0,
    0,
    0,
    0,
    0,
    0,
    1,
    3,
    0,
    0,
    2,
    3,
    2,
    3,
    0,
    0,
    2,
    2,
    0,
    3,
    0,
    0,
    3,
    0,
    3,
    1,
    0,
    0,
    2,
    0,
    0,
    0,
    2,
    2,
    0,
    0,
    1,
    1,
    0,
    0,
    0,
    0,
    1,
    2,
    3,
    0,
    3,
    0,
    0,
    0,
    0,
    0,
    0,
    0,
    2,
    2,
    1,
    0,
    0,
    0,
    0,
    0,
    3,
    0,
    0,
    0,
    0,
    0,
    3,
    3,
    2,
    0,
    0,
    0,
    3,
    0,
    0,
    2,
    2,
    2,
    0,
    0,
    0,
    2,
    2,
    3,
    2,
    0,
    2,
    0,
    2,
    1,
    0,
    2,
    2,
    2,
    2,
    2,
    2,
    2,
    2,
    2,
    2,
    2,
    2,
    2,
    2,
    3,
    0,
    2,
    2,
    2,
    2,
    2,
    3,
    2,
    2,
    0,
    2,
    2,
    2,
    2,
    2,
    3,
    2,
    2,
    2,
    2,
    0,
    2,
    1,
    2,
    0,
    2,
    0,
    0,
    2,
    1,
    1,
    3,
    0,
    2,
    0,
    0,
    0,
    2,
    2,
    0,
    2,
    2,
    0,
    0,
    0,
    0,
    0,
    2,
    0,
    2,
    2,
    2,
    2,
    0,
    0,
    0,
    0,
    0,
    0,
    0,
    0,
    0,
    3,
    1,
    2,
    2,
    0,
    2,
    0,
    0,
    0,
    2,
    0,
    0,
    0,
    2,
    2,
    0,
    2,
    2,
    0,
    0,
    0,
    2,
    2,
    0,
    0,
    0,
    3,
    0,
    0,
    3,
    0,
    0,
    0,
    0,
    0,
    2,
    2,
    2,
    0,
    0,
    0,
    0,
    0,
    0,
    2,
    0,
    3,
    2,
    2,
    2,
    2,
    2,
    0,
    0,
    2,
    2,
    2,
    0,
    0,
    0,
    0,
    2,
    2,
    2,
    2,
    2,
    3,
    0,
    2,
    0,
    3,
    2,
    0,
    0,
    0,
    2,
    2,
    0,
    0,
    0,
    0,
    0,
    0,
    0,
    0,
    2,
    2,
    2,
    0,
    3,
    2,
    2,
    2,
    2,
    2,
    2,
    0,
    0,
    2,
    2,
    3,
    0,
    2,
    2,
    2,
    2,
    0,
    2,
    3,
    0,
    0,
    2,
    0,
    0,
    0,
    2,
    2,
    0,
    2,
    2,
    0,
    0,
    0,
    0,
    2,
    2,
    2,
    0,
    2,
    2,
    2,
    3,
    2,
    2,
    0,
    2,
    3,
    0,
    0,
    2,
    2,
    2,
    0,
    2,
    2,
    2,
    2,
    2,
    0,
    2,
    2,
    2,
    0,
    0,
    0,
    0,
    2,
    1,
    3,
    3,
    0,
    2,
    0,
    3,
    2,
    3,
    2,
    3,
    2,
    0,
    2,
    2,
    3,
    3,
    2,
    2,
    0,
    2,
    2,
    2,
    0,
    2,
    0,
    2,
    2,
    3,
    2,
    0,
    2,
    2,
    2,
    2,
    0,
    2,
    2,
    3,
    3,
    2,
    2,
    3,
    2,
    0,
    2,
    2,
    2,
    0,
    2,
    0,
    0,
    0,
    1,
    2,
    2,
    2,
    2,
    2,
    2,
    2,
    2,
    0,
    3,
    0,
    2,
    2,
    2,
    1,
    2,
    3,
    2,
    3,
    1,
    2,
    2,
    2,
    2,
    2,
    2,
    3,
    0,
    2,
    2,
    2,
    2,
    2,
    2,
    2,
    2,
    2,
    2,
    2,
    2,
    3,
    2,
    2,
    2,
    2,
    2,
    2,
    2,
    2,
    3,
    2,
    2,
    2,
    2,
    2,
    2,
    2,
    2,
    2,
    2,
    0,
    1,
    2,
    3,
    0,
    0,
    2,
    2,
    2,
    0,
    2,
    2,
    2,
    0,
    0,
    2,
    2,
    2,
    2,
    2,
    2,
    2,
    2,
    2,
    0,
    0,
    2,
    0,
    2,
    1,
    1,
    2,
    2,
    0,
    2,
    2,
    2,
    0,
    2,
    0,
    0,
    2,
    2,
    2,
    3,
    3,
    0,
    2,
    3,
    1,
    0,
    0,
    0,
    2,
    2,
    2,
    2,
    2,
    3,
    2,
    2,
    2,
    0,
    1,
    1,
    2,
    1,
    2,
    2,
    2,
    2,
    2,
    0,
    2,
    2,
    2,
    2,
    2,
    0,
    2,
    0,
    1,
    2,
    2,
    2,
    0,
    2,
    0,
    2,
    2,
    0,
    2,
    0,
    2,
    0,
    1,
    1,
    1,
    1,
    3,
    2,
    1,
    1,
    1,
    2,
    1,
    0,
    0,
    1,
    1,
    1,
    1,
    1,
    1,
    1,
    3,
    1,
    1,
    1,
    1,
    1,
    1,
    1,
    1,
    0,
    3,
    0,
    2,
    1,
    1,
    1,
    1,
    2,
    1,
    1,
    0,
    2,
    1,
    1,
    1,
    0,
    0,
    0,
    1,
    3,
    0,
    1,
    1,
    1,
    1,
    1,
    2,
    0,
    1,
    1,
    2,
    0,
    1,
    1,
    1,
    2,
    1,
    2,
    1,
    1,
    1,
    1,
    1,
    1,
    1,
    2,
    0,
    2,
    3,
    1,
    1,
    3,
    1,
    3,
    1,
    2,
    1,
    1,
    3,
    0,
    1,
    2,
    1,
    0,
    1,
    1,
    3,
    2,
    1,
    1,
    0,
    1,
    1,
    1,
    0,
    1,
    1,
    1,
    2,
    1,
    1,
    1,
    2,
    1,
    2,
    1,
    1,
    2,
    0,
    0,
    1,
    1,
    1,
    1,
    1,
    1,
    1,
    1,
    1,
    2,
    1,
    1,
    1,
    1,
    1,
    1,
    1,
    2,
    1,
    1,
    1,
    1,
    1,
    1,
    2,
    1,
    1,
    1,
    1,
    0,
    1,
    1,
    1,
    1,
    1,
    1,
    1,
    1,
    1,
    1,
    1,
    1,
    1,
    1,
    0,
    1,
    0,
    1,
    1,
    1,
    1,
    1,
    2,
    1,
    0,
    1,
    2,
    2,
    1,
    1,
    1,
    1,
    1,
    1,
    1,
    1,
    1,
    1,
    0,
    1,
    1,
    1,
    1,
    1,
    1,
    3,
    0,
    1,
    0,
    1,
    3,
    1,
    2,
    1,
    1,
    1,
    1,
    1,
    1,
    1,
    1,
    1,
    1,
    2,
    1,
    1,
    1,
    1,
    1,
    1,
    3,
    1,
    1,
    0,
    1,
    1,
    1,
    1,
    1,
    1,
    1,
    1,
    0,
    1,
    1,
    1,
    1,
    1,
    0,
    0,
    0,
    1,
    1,
    1,
    1,
    3,
    1,
    1,
    1,
    1,
    1,
    1,
    1,
    1,
    1,
    1,
    1,
    1,
    1,
    1,
    1,
    0,
    0,
    1,
    1,
    1,
    1,
    1,
    1,
    1,
    1,
    1,
    1,
    1,
    1,
    1,
    1,
    1,
    1,
    0,
    1,
    3,
    1,
    1,
    0,
    1,
    1,
    1,
    1,
    0,
    1,
    1,
    3,
    1,
    1,
    1,
    1,
    1,
    1,
    1,
    1,
    1,
    2,
    2,
    1,
    1,
    1,
    3,
    1,
    1,
    2,
    1,
    1,
    1,
    0,
    1,
    1,
    1,
    1,
    1,
    1,
    3,
    1,
    1,
    3,
    1,
    1,
    0,
    1,
    1,
    1,
    1,
    1,
    1,
    0,
    0,
    1,
    1,
    1,
    1,
    1,
    0,
    0,
    0,
    2,
    1,
    2,
    1,
    1,
    1,
    1,
    1,
    1,
    1,
    1,
    1,
    1,
    0,
    2,
    1,
    1,
    3,
    3,
    1,
    2,
    0,
    1,
    1,
    2,
    2,
    2,
    1,
    3,
    0,
    2,
    1,
    1,
    1,
    0,
    1,
    1,
    1,
    1,
    1,
    1,
    1,
    1,
    3,
    3,
    2,
    3,
    0,
    0,
    1,
    1,
    1,
    1,
    1,
    1,
    1,
    1,
    0,
    1,
    1,
    1,
    0,
    1,
    1,
    3,
    1,
    1,
    3,
    1,
    3,
    0,
    2,
    1,
    3,
    1,
    1,
    1,
    1,
    1,
    0,
    1,
    1,
    0,
    0,
    0,
    2,
    1,
    0,
    2,
    0,
    1,
    1,
    0,
    1,
    3,
    1,
    0,
    0,
    1,
    1,
    1,
    1,
    1,
    1,
    1,
    1,
    0,
    1,
    0,
    2,
    2,
    1,
    1,
    1,
    0,
    1,
    1,
    1,
    1,
    1,
    1,
    1,
    1,
    1,
    1,
    0,
    0,
    0,
    3,
    1,
    1,
    0,
    1,
    2,
    1,
    1,
    1,
    0,
    1,
    1,
    1,
    2,
    0,
    1,
    1,
    1,
    1,
    1,
    1,
    3,
    2,
    1,
    1,
    1,
    3,
    1,
    2,
    1,
    1,
    1,
    1,
    1
  ],
  "true_labels": [
    3,
    3,
    3,
    3,
    3,
    3,
    3,
    3,
    3,
    3,
    3,
    3,
    3,
    3,
    3,
    3,
    3,
    3,
    3,
    3,
    3,
    3,
    3,
    3,
    3,
    3,
    3,
    3,
    3,
    3,
    3,
    3,
    3,
    3,
    3,
    3,
    3,
    3,
    3,
    3,
    3,
    3,
    3,
    3,
    3,
    3,
    3,
    3,
    3,
    3,
    3,
    3,
    3,
    3,
    3,
    3,
    3,
    3,
    3,
    3,
    3,
    3,
    3,
    3,
    3,
    3,
    3,
    3,
    3,
    3,
    3,
    3,
    3,
    3,
    3,
    3,
    3,
    3,
    3,
    3,
    3,
    3,
    3,
    3,
    3,
    3,
    3,
    3,
    3,
    3,
    3,
    3,
    3,
    3,
    3,
    3,
    3,
    3,
    3,
    3,
    3,
    3,
    3,
    3,
    3,
    3,
    3,
    3,
    3,
    3,
    3,
    3,
    3,
    3,
    3,
    3,
    3,
    3,
    3,
    3,
    3,
    3,
    3,
    3,
    3,
    3,
    3,
    3,
    3,
    3,
    3,
    3,
    3,
    3,
    3,
    3,
    3,
    3,
    3,
    3,
    3,
    3,
    3,
    3,
    3,
    3,
    3,
    3,
    3,
    3,
    3,
    3,
    3,
    3,
    3,
    3,
    3,
    3,
    3,
    3,
    3,
    3,
    3,
    3,
    3,
    3,
    3,
    3,
    3,
    3,
    3,
    3,
    3,
    3,
    3,
    3,
    3,
    3,
    3,
    3,
    3,
    3,
    3,
    3,
    3,
    3,
    3,
    3,
    3,
    3,
    3,
    3,
    3,
    3,
    3,
    3,
    3,
    3,
    3,
    3,
    3,
    3,
    3,
    3,
    3,
    3,
    3,
    3,
    3,
    3,
    3,
    3,
    3,
    3,
    3,
    3,
    3,
    3,
    3,
    3,
    3,
    3,
    3,
    3,
    3,
    3,
    3,
    3,
    3,
    3,
    3,
    3,
    3,
    3,
    3,
    3,
    3,
    3,
    3,
    3,
    3,
    3,
    3,
    3,
    3,
    3,
    3,
    3,
    3,
    3,
    3,
    3,
    3,
    3,
    3,
    3,
    3,
    3,
    3,
    3,
    3,
    3,
    3,
    3,
    3,
    3,
    3,
    3,
    3,
    3,
    3,
    3,
    3,
    3,
    3,
    3,
    3,
    3,
    3,
    3,
    3,
    3,
    3,
    3,
    3,
    3,
    3,
    3,
    3,
    3,
    3,
    3,
    3,
    3,
    3,
    3,
    3,
    3,
    3,
    3,
    3,
    3,
    3,
    3,
    3,
    3,
    3,
    3,
    3,
    3,
    3,
    3,
    3,
    3,
    3,
    3,
    3,
    3,
    3,
    3,
    3,
    3,
    3,
    3,
    3,
    3,
    3,
    3,
    3,
    3,
    3,
    3,
    3,
    3,
    3,
    3,
    3,
    3,
    3,
    3,
    3,
    3,
    3,
    3,
    3,
    3,
    3,
    3,
    3,
    3,
    3,
    3,
    3,
    3,
    3,
    3,
    3,
    3,
    3,
    3,
    3,
    3,
    3,
    3,
    3,
    3,
    3,
    3,
    3,
    3,
    3,
    3,
    3,
    3,
    3,
    3,
    3,
    3,
    3,
    3,
    3,
    3,
    3,
    3,
    3,
    3,
    3,
    3,
    3,
    3,
    3,
    3,
    3,
    3,
    3,
    3,
    3,
    3,
    3,
    3,
    3,
    3,
    3,
    3,
    3,
    3,
    3,
    3,
    3,
    3,
    3,
    3,
    3,
    3,
    3,
    3,
    3,
    3,
    3,
    3,
    3,
    3,
    3,
    3,
    3,
    3,
    3,
    3,
    3,
    3,
    3,
    3,
    3,
    3,
    3,
    3,
    3,
    3,
    3,
    3,
    3,
    3,
    3,
    3,
    3,
    3,
    3,
    3,
    3,
    3,
    3,
    3,
    3,
    3,
    3,
    3,
    3,
    3,
    3,
    3,
    3,
    3,
    3,
    3,
    3,
    3,
    3,
    3,
    3,
    3,
    3,
    3,
    3,
    3,
    3,
    3,
    3,
    3,
    3,
    3,
    3,
    3,
    3,
    3,
    3,
    3,
    3,
    3,
    3,
    3,
    3,
    3,
    3,
    3,
    3,
    3,
    3,
    3,
    3,
    3,
    3,
    3,
    3,
    3,
    3,
    3,
    0,
    0,
    0,
    0,
    0,
    0,
    0,
    0,
    0,
    0,
    0,
    0,
    0,
    0,
    0,
    0,
    0,
    0,
    0,
    0,
    0,
    0,
    0,
    0,
    0,
    0,
    0,
    0,
    0,
    0,
    0,
    0,
    0,
    0,
    0,
    0,
    0,
    0,
    0,
    0,
    0,
    0,
    0,
    0,
    0,
    0,
    0,
    0,
    0,
    0,
    0,
    0,
    0,
    0,
    0,
    0,
    0,
    0,
    0,
    0,
    0,
    0,
    0,
    0,
    0,
    0,
    0,
    0,
    0,
    0,
    0,
    0,
    0,
    0,
    0,
    0,
    0,
    0,
    0,
    0,
    0,
    0,
    0,
    0,
    0,
    0,
    0,
    0,
    0,
    0,
    0,
    0,
    0,
    0,
    0,
    0,
    0,
    0,
    0,
    0,
    0,
    0,
    0,
    0,
    0,
    0,
    0,
    0,
    0,
    0,
    0,
    0,
    0,
    0,
    0,
    0,
    0,
    0,
    0,
    0,
    0,
    0,
    0,
    0,
    0,
    0,
    0,
    0,
    0,
    0,
    0,
    0,
    0,
    0,
    0,
    0,
    0,
    0,
    0,
    0,
    0,
    0,
    0,
    0,
    0,
    0,
    0,
    0,
    0,
    0,
    0,
    0,
    0,
    0,
    0,
    0,
    0,
    0,
    0,
    0,
    0,
    0,
    0,
    0,
    0,
    0,
    0,
    0,
    0,
    0,
    0,
    0,
    0,
    0,
    0,
    0,
    0,
    0,
    0,
    0,
    0,
    0,
    0,
    0,
    0,
    0,
    0,
    0,
    0,
    0,
    0,
    0,
    0,
    0,
    0,
    0,
    0,
    0,
    0,
    0,
    0,
    0,
    0,
    0,
    0,
    0,
    0,
    0,
    0,
    0,
    0,
    0,
    0,
    0,
    0,
    0,
    0,
    0,
    0,
    0,
    0,
    0,
    0,
    0,
    0,
    0,
    0,
    0,
    0,
    0,
    0,
    0,
    0,
    0,
    0,
    0,
    0,
    0,
    0,
    0,
    0,
    0,
    0,
    0,
    0,
    0,
    0,
    0,
    0,
    0,
    0,
    0,
    0,
    0,
    0,
    0,
    0,
    0,
    0,
    0,
    0,
    0,
    0,
    0,
    0,
    0,
    0,
    0,
    0,
    0,
    0,
    0,
    0,
    0,
    0,
    0,
    0,
    0,
    0,
    0,
    0,
    0,
    0,
    0,
    0,
    0,
    0,
    0,
    0,
    0,
    0,
    0,
    0,
    0,
    0,
    0,
    0,
    0,
    0,
    0,
    0,
    0,
    0,
    0,
    0,
    0,
    0,
    0,
    0,
    0,
    0,
    0,
    0,
    0,
    0,
    0,
    0,
    0,
    0,
    0,
    0,
    0,
    0,
    0,
    0,
    0,
    0,
    0,
    0,
    0,
    0,
    0,
    0,
    0,
    0,
    0,
    0,
    0,
    0,
    0,
    0,
    0,
    0,
    0,
    0,
    0,
    0,
    0,
    0,
    0,
    0,
    0,
    0,
    0,
    0,
    0,
    0,
    0,
    0,
    0,
    0,
    0,
    0,
    0,
    0,
    0,
    0,
    0,
    0,
    0,
    0,
    0,
    0,
    0,
    0,
    0,
    0,
    0,
    0,
    0,
    0,
    0,
    0,
    0,
    0,
    0,
    0,
    0,
    0,
    0,
    0,
    0,
    0,
    0,
    0,
    0,
    0,
    0,
    0,
    0,
    0,
    0,
    0,
    0,
    0,
    0,
    0,
    0,
    0,
    0,
    0,
    0,
    0,
    0,
    0,
    0,
    0,
    0,
    0,
    0,
    0,
    0,
    0,
    0,
    0,
    0,
    0,
    0,
    0,
    0,
    0,
    0,
    0,
    0,
    0,
    0,
    0,
    0,
    0,
    0,
    0,
    0,
    0,
    0,
    0,
    0,
    0,
    0,
    0,
    0,
    0,
    0,
    0,
    0,
    0,
    0,
    0,
    0,
    0,
    0,
    0,
    0,
    0,
    0,
    0,
    0,
    0,
    0,
    0,
    0,
    0,
    0,
    0,
    0,
    0,
    0,
    0,
    0,
    0,
    0,
    0,
    0,
    0,
    0,
    0,
    0,
    0,
    0,
    0,
    0,
    0,
    0,
    0,
    0,
    0,
    0,
    0,
    0,
    0,
    0,
    0,
    0,
    0,
    0,
    0,
    2,
    2,
    2,
    2,
    2,
    2,
    2,
    2,
    2,
    2,
    2,
    2,
    2,
    2,
    2,
    2,
    2,
    2,
    2,
    2,
    2,
    2,
    2,
    2,
    2,
    2,
    2,
    2,
    2,
    2,
    2,
    2,
    2,
    2,
    2,
    2,
    2,
    2,
    2,
    2,
    2,
    2,
    2,
    2,
    2,
    2,
    2,
    2,
    2,
    2,
    2,
    2,
    2,
    2,
    2,
    2,
    2,
    2,
    2,
    2,
    2,
    2,
    2,
    2,
    2,
    2,
    2,
    2,
    2,
    2,
    2,
    2,
    2,
    2,
    2,
    2,
    2,
    2,
    2,
    2,
    2,
    2,
    2,
    2,
    2,
    2,
    2,
    2,
    2,
    2,
    2,
    2,
    2,
    2,
    2,
    2,
    2,
    2,
    2,
    2,
    2,
    2,
    2,
    2,
    2,
    2,
    2,
    2,
    2,
    2,
    2,
    2,
    2,
    2,
    2,
    2,
    2,
    2,
    2,
    2,
    2,
    2,
    2,
    2,
    2,
    2,
    2,
    2,
    2,
    2,
    2,
    2,
    2,
    2,
    2,
    2,
    2,
    2,
    2,
    2,
    2,
    2,
    2,
    2,
    2,
    2,
    2,
    2,
    2,
    2,
    2,
    2,
    2,
    2,
    2,
    2,
    2,
    2,
    2,
    2,
    2,
    2,
    2,
    2,
    2,
    2,
    2,
    2,
    2,
    2,
    2,
    2,
    2,
    2,
    2,
    2,
    2,
    2,
    2,
    2,
    2,
    2,
    2,
    2,
    2,
    2,
    2,
    2,
    2,
    2,
    2,
    2,
    2,
    2,
    2,
    2,
    2,
    2,
    2,
    2,
    2,
    2,
    2,
    2,
    2,
    2,
    2,
    2,
    2,
    2,
    2,
    2,
    2,
    2,
    2,
    2,
    2,
    2,
    2,
    2,
    2,
    2,
    2,
    2,
    2,
    2,
    2,
    2,
    2,
    2,
    2,
    2,
    2,
    2,
    2,
    2,
    2,
    2,
    2,
    2,
    2,
    2,
    2,
    2,
    2,
    2,
    2,
    2,
    2,
    2,
    2,
    2,
    2,
    2,
    2,
    2,
    2,
    2,
    2,
    2,
    2,
    2,
    2,
    2,
    2,
    2,
    2,
    2,
    2,
    2,
    2,
    2,
    2,
    2,
    2,
    2,
    2,
    2,
    2,
    2,
    2,
    2,
    2,
    2,
    2,
    2,
    2,
    2,
    2,
    2,
    2,
    2,
    2,
    2,
    2,
    2,
    2,
    2,
    2,
    2,
    2,
    2,
    2,
    2,
    2,
    2,
    2,
    2,
    2,
    2,
    2,
    2,
    2,
    2,
    2,
    2,
    2,
    2,
    2,
    2,
    2,
    2,
    2,
    2,
    2,
    2,
    2,
    2,
    2,
    2,
    2,
    2,
    2,
    2,
    2,
    2,
    2,
    2,
    2,
    2,
    2,
    2,
    2,
    2,
    2,
    2,
    2,
    2,
    2,
    2,
    2,
    2,
    2,
    2,
    2,
    2,
    2,
    2,
    2,
    2,
    2,
    2,
    2,
    2,
    2,
    2,
    2,
    2,
    2,
    2,
    2,
    2,
    2,
    2,
    2,
    2,
    2,
    2,
    2,
    2,
    2,
    2,
    2,
    2,
    2,
    2,
    2,
    2,
    2,
    2,
    2,
    2,
    2,
    2,
    2,
    2,
    2,
    2,
    2,
    2,
    2,
    2,
    2,
    2,
    2,
    2,
    2,
    2,
    2,
    2,
    2,
    2,
    2,
    2,
    2,
    2,
    2,
    2,
    2,
    2,
    2,
    2,
    2,
    2,
    2,
    2,
    2,
    2,
    2,
    2,
    2,
    2,
    2,
    2,
    2,
    2,
    2,
    2,
    2,
    2,
    2,
    2,
    2,
    2,
    2,
    2,
    2,
    2,
    2,
    2,
    2,
    2,
    2,
    2,
    1,
    1,
    1,
    1,
    1,
    1,
    1,
    1,
    1,
    1,
    1,
    1,
    1,
    1,
    1,
    1,
    1,
    1,
    1,
    1,
    1,
    1,
    1,
    1,
    1,
    1,
    1,
    1,
    1,
    1,
    1,
    1,
    1,
    1,
    1,
    1,
    1,
    1,
    1,
    1,
    1,
    1,
    1,
    1,
    1,
    1,
    1,
    1,
    1,
    1,
    1,
    1,
    1,
    1,
    1,
    1,
    1,
    1,
    1,
    1,
    1,
    1,
    1,
    1,
    1,
    1,
    1,
    1,
    1,
    1,
    1,
    1,
    1,
    1,
    1,
    1,
    1,
    1,
    1,
    1,
    1,
    1,
    1,
    1,
    1,
    1,
    1,
    1,
    1,
    1,
    1,
    1,
    1,
    1,
    1,
    1,
    1,
    1,
    1,
    1,
    1,
    1,
    1,
    1,
    1,
    1,
    1,
    1,
    1,
    1,
    1,
    1,
    1,
    1,
    1,
    1,
    1,
    1,
    1,
    1,
    1,
    1,
    1,
    1,
    1,
    1,
    1,
    1,
    1,
    1,
    1,
    1,
    1,
    1,
    1,
    1,
    1,
    1,
    1,
    1,
    1,
    1,
    1,
    1,
    1,
    1,
    1,
    1,
    1,
    1,
    1,
    1,
    1,
    1,
    1,
    1,
    1,
    1,
    1,
    1,
    1,
    1,
    1,
    1,
    1,
    1,
    1,
    1,
    1,
    1,
    1,
    1,
    1,
    1,
    1,
    1,
    1,
    1,
    1,
    1,
    1,
    1,
    1,
    1,
    1,
    1,
    1,
    1,
    1,
    1,
    1,
    1,
    1,
    1,
    1,
    1,
    1,
    1,
    1,
    1,
    1,
    1,
    1,
    1,
    1,
    1,
    1,
    1,
    1,
    1,
    1,
    1,
    1,
    1,
    1,
    1,
    1,
    1,
    1,
    1,
    1,
    1,
    1,
    1,
    1,
    1,
    1,
    1,
    1,
    1,
    1,
    1,
    1,
    1,
    1,
    1,
    1,
    1,
    1,
    1,
    1,
    1,
    1,
    1,
    1,
    1,
    1,
    1,
    1,
    1,
    1,
    1,
    1,
    1,
    1,
    1,
    1,
    1,
    1,
    1,
    1,
    1,
    1,
    1,
    1,
    1,
    1,
    1,
    1,
    1,
    1,
    1,
    1,
    1,
    1,
    1,
    1,
    1,
    1,
    1,
    1,
    1,
    1,
    1,
    1,
    1,
    1,
    1,
    1,
    1,
    1,
    1,
    1,
    1,
    1,
    1,
    1,
    1,
    1,
    1,
    1,
    1,
    1,
    1,
    1,
    1,
    1,
    1,
    1,
    1,
    1,
    1,
    1,
    1,
    1,
    1,
    1,
    1,
    1,
    1,
    1,
    1,
    1,
    1,
    1,
    1,
    1,
    1,
    1,
    1,
    1,
    1,
    1,
    1,
    1,
    1,
    1,
    1,
    1,
    1,
    1,
    1,
    1,
    1,
    1,
    1,
    1,
    1,
    1,
    1,
    1,
    1,
    1,
    1,
    1,
    1,
    1,
    1,
    1,
    1,
    1,
    1,
    1,
    1,
    1,
    1,
    1,
    1,
    1,
    1,
    1,
    1,
    1,
    1,
    1,
    1,
    1,
    1,
    1,
    1,
    1,
    1,
    1,
    1,
    1,
    1,
    1,
    1,
    1,
    1,
    1,
    1,
    1,
    1,
    1,
    1,
    1,
    1,
    1,
    1,
    1,
    1,
    1,
    1,
    1,
    1,
    1,
    1,
    1,
    1,
    1,
    1,
    1,
    1,
    1,
    1,
    1,
    1,
    1,
    1,
    1,
    1,
    1,
    1,
    1,
    1,
    1,
    1,
    1,
    1,
    1,
    1,
    1,
    1,
    1,
    1,
    1,
    1,
    1,
    1,
    1,
    1,
    1,
    1,
    1,
    1,
    1,
    1,
    1,
    1,
    1,
    1,
    1,
    1,
    1,
    1,
    1,
    1,
    1,
    1,
    1,
    1,
    1,
    1,
    1,
    1,
    1,
    1,
    1,
    1,
    1,
    1,
    1,
    1,
    1,
    1,
    1,
    1,
    1,
    1,
    1,
    1,
    1,
    1,
    1,
    1,
    1,
    1,
    1,
    1,
    1,
    1,
    1,
    1,
    1,
    1,
    1,
    1,
    1,
    1,
    1,
    1,
    1,
    1,
    1,
    1
  ],
  "probabilities": [
    [
      0.028396993142679496,
      0.0051885509875081275,
      0.00557829557784599,
      0.9608361602919664
    ],
    [
      0.09849751138850582,
      0.06916728085699476,
      0.04164582697869386,
      0.7906893807758058
    ],
    [
      0.25236513413087347,
      0.035074728221732576,
      0.5039925135184445,
      0.2085676241289496
    ],
    [
      0.27983509050728594,
      0.05489445544033602,
      0.46731130142168653,
      0.19795915263069147
    ],
    [
      0.048427742322494166,
      0.07639476027448634,
      0.011970508164204547,
      0.8632069892388148
    ],
    [
      0.057451778589540564,
      0.01122979175444977,
      0.04959525437893288,
      0.8817231752770768
    ],
    [
      0.6320883168835881,
      0.024025336443185937,
      0.18421373297208088,
      0.15967261370114536
    ],
    [
      0.4700150725836093,
      0.10235635453059613,
      0.029141490456303848,
      0.3984870824294906
    ],
    [
      0.2533858988726894,
      0.14940151616486513,
      0.024676935959198634,
      0.5725356490032469
    ],
    [
      0.09060863312821484,
      0.08752025787601496,
      0.5804312213535833,
      0.24143988764218724
    ],
    [
      0.7629054563953579,
      0.017958251908938197,
      0.02910610065964952,
      0.19003019103605434
    ],
    [
      0.08716009445547018,
      0.0015524972762863709,
      0.47789146107107733,
      0.4333959471971659
    ],
    [
      0.0264617757259851,
      0.05445557773929625,
      0.027245986108550023,
      0.8918366604261686
    ],
    [
      0.33801558487809175,
      0.1685720872363164,
      0.16654750569868737,
      0.3268648221869045
    ],
    [
      0.017297884276311768,
      0.048749429889684504,
      0.013627253689655386,
      0.9203254321443481
    ],
    [
      0.4853935840894982,
      0.010076641950046827,
      0.02092296690074887,
      0.48360680705970577
    ],
    [
      0.012602492387862149,
      0.006526126917454956,
      0.018004927256556287,
      0.9628664534381263
    ],
    [
      0.07390265746873881,
      0.003959312917873428,
      0.11020325176050073,
      0.8119347778528868
    ],
    [
      0.3794108946013014,
      0.09089645896136025,
      0.27780743722121176,
      0.2518852092161263
    ],
    [
      0.39108226197178375,
      0.11732876147449889,
      0.13802251807112353,
      0.35356645848259394
    ],
    [
      0.2839627096105423,
      0.024741502061598558,
      0.25735870559316665,
      0.43393708273469217
    ],
    [
      0.04650939371063895,
      0.008876948934546214,
      0.01780909612540841,
      0.9268045612294067
    ],
    [
      0.1410674255112332,
      0.25166773332030584,
      0.2927115429666825,
      0.3145532982017786
    ],
    [
      0.025512305761323156,
      0.0006385375480968563,
      0.009533950398885488,
      0.9643152062916945
    ],
    [
      0.2176656514062419,
      0.020177772647857427,
      0.09867962483822672,
      0.663476951107674
    ],
    [
      0.08488916472089807,
      0.011863557078813508,
      0.02780698571920527,
      0.8754402924810831
    ],
    [
      0.017705975124912326,
      0.009941661726410426,
      0.0026971091497882357,
      0.9696552539988891
    ],
    [
      0.05511841540100929,
      0.004403160929730835,
      0.026102377667916666,
      0.9143760460013433
    ],
    [
      0.18595837870603363,
      0.032151839986384594,
      0.01619871238435587,
      0.7656910689232262
    ],
    [
      0.15430499671548695,
      0.004683550020987705,
      0.010505451239413228,
      0.8305060020241121
    ],
    [
      0.45740597935087257,
      0.08225853961301467,
      0.11418292374658547,
      0.34615255728952726
    ],
    [
      0.04217062525190467,
      0.10718119584278267,
      0.016471625979007892,
      0.8341765529263047
    ],
    [
      0.014411400391423811,
      0.0002483000613274397,
      0.005847764138481761,
      0.9794925354087667
    ],
    [
      0.30876372699016313,
      0.2993360466518147,
      0.024648632872620157,
      0.36725159348540215
    ],
    [
      0.36400470483582065,
      0.06540330234780388,
      0.17533419942170467,
      0.3952577933946706
    ],
    [
      0.047494997371434707,
      0.025954699448272334,
      0.009132013830297074,
      0.9174182893499958
    ],
    [
      0.009454180231499952,
      0.016852248623717255,
      0.0035322775524662454,
      0.9701612935923167
    ],
    [
      0.45020206226504256,
      0.003081438766385257,
      0.05570088008020014,
      0.4910156188883726
    ],
    [
      0.016957698453080434,
      0.20951566563122256,
      0.005501666860905159,
      0.7680249690547917
    ],
    [
      0.03137267607517975,
      0.06293192534492408,
      0.014619877487319225,
      0.8910755210925767
    ],
    [
      0.026039070318369367,
      0.022210982505772626,
      0.012861564363395996,
      0.9388883828124621
    ],
    [
      0.1445717789383778,
      0.18008464236441424,
      0.09618511189235836,
      0.5791584668048494
    ],
    [
      0.013970744716147558,
      0.005744729685566264,
      0.0019739206885079183,
      0.9783106049097783
    ],
    [
      0.06726725743922346,
      0.009409546651821464,
      0.0733569853926695,
      0.8499662105162854
    ],
    [
      0.07995977394045564,
      0.0028610755937393344,
      0.3930917839990543,
      0.5240873664667506
    ],
    [
      0.09697912927174654,
      0.004040250589964825,
      0.020739181908089176,
      0.8782414382301995
    ],
    [
      0.03023982356903111,
      0.028630902443713736,
      0.003144525102088197,
      0.9379847488851665
    ],
    [
      0.14224398780441636,
      0.00736652203861682,
      0.029200748397032454,
      0.8211887417599344
    ],
    [
      0.05975965465505929,
      0.004575171809731884,
      0.035078415285575155,
      0.9005867582496335
    ],
    [
      0.030209223997600086,
      0.004931965175306089,
      0.013537376034960266,
      0.9513214347921335
    ],
    [
      0.08473906528786802,
      0.006514405473787142,
      0.024586824250091188,
      0.8841597049882538
    ],
    [
      0.5376760919159371,
      0.03505966253077644,
      0.12032337859583515,
      0.30694086695745154
    ],
    [
      0.2414586035597451,
      0.06147389281598054,
      0.2672134292861676,
      0.4298540743381068
    ],
    [
      0.39180123809456807,
      0.048090161134679024,
      0.061934515076775574,
      0.49817408569397725
    ],
    [
      0.3185958095914106,
      0.10662807374181452,
      0.03750539055623562,
      0.5372707261105392
    ],
    [
      0.006355626241245331,
      0.6210806113534523,
      0.034726563483347114,
      0.33783719892195574
    ],
    [
      0.3009565644467219,
      0.09406973202446063,
      0.381197437164672,
      0.22377626636414563
    ],
    [
      0.02132518195638073,
      0.03236782564487609,
      0.004313689917819048,
      0.9419933024809242
    ],
    [
      0.33300364703558094,
      0.019873944832046662,
      0.027675664231292335,
      0.61944674390108
    ],
    [
      0.2445916732461258,
      0.010688709892129009,
      0.031012173347682928,
      0.7137074435140619
    ],
    [
      0.6945587094156108,
      0.04884947499523927,
      0.13751271016690875,
      0.11907910542224129
    ],
    [
      0.32526882515095373,
      0.04672761739505511,
      0.03748430438679989,
      0.5905192530671913
    ],
    [
      0.7221769298841698,
      0.0006836817073969483,
      0.06312738887553256,
      0.2140119995329009
    ],
    [
      0.09696827343122978,
      0.02276812656285771,
      0.01715581378704375,
      0.863107786218869
    ],
    [
      0.1658870359858523,
      0.30883129719901425,
      0.31253170013978926,
      0.21274996667534435
    ],
    [
      0.5388271203767926,
      0.02491528025681854,
      0.022376924371491816,
      0.4138806749948973
    ],
    [
      0.29869330834375063,
      0.0890287605384574,
      0.08054668088419792,
      0.5317312502335939
    ],
    [
      0.38154790478045136,
      0.031185587381639956,
      0.11001029047614864,
      0.47725621736176
    ],
    [
      0.03154370079216704,
      0.02318236335328969,
      0.002739047460292891,
      0.9425348883942505
    ],
    [
      0.6185860121365143,
      0.08445587224372564,
      0.13755859890782635,
      0.15939951671193384
    ],
    [
      0.05704697791050153,
      0.008557434561626843,
      0.6797716144570073,
      0.25462397307086454
    ],
    [
      0.016312921548942646,
      0.005627012557143725,
      0.06646496563332026,
      0.9115951002605934
    ],
    [
      0.3314913299009506,
      0.08912650142867655,
      0.05888107482251877,
      0.520501093847854
    ],
    [
      0.05090638287852596,
      0.00761004262601227,
      0.014780767510491054,
      0.9267028069849707
    ],
    [
      0.07347931209411433,
      0.005467448039604287,
      0.009487273426617898,
      0.9115659664396636
    ],
    [
      0.017556928282709022,
      0.004023786290675541,
      0.5796851040011536,
      0.3987341814254618
    ],
    [
      0.40979443899785056,
      0.0060436466563097745,
      0.02649871012042291,
      0.5576632042254166
    ],
    [
      0.037764271782302274,
      0.0013435469882746066,
      0.01123391763019055,
      0.9496582635992327
    ],
    [
      0.2582355110881654,
      0.13247758556826508,
      0.16391193017804384,
      0.4453749731655256
    ],
    [
      0.010193098409002793,
      0.016345001876587363,
      0.00877248578743941,
      0.9646894139269705
    ],
    [
      0.021742486235970103,
      0.009793415958468077,
      0.0040556330172281975,
      0.9644084647883335
    ],
    [
      0.06987143094518702,
      0.012442986109049746,
      0.027187053478715906,
      0.8904985294670473
    ],
    [
      0.538772861070538,
      0.16084643880077307,
      0.06726200976306596,
      0.23311869036562335
    ],
    [
      0.07799281792977253,
      0.0031607668653137475,
      0.22574602139076333,
      0.6931003938141503
    ],
    [
      0.4232358602010665,
      0.007887909789829367,
      0.015481313115382069,
      0.5533949168937222
    ],
    [
      0.02126078042767949,
      0.000957805812248719,
      0.00014991733908529295,
      0.9776314964209866
    ],
    [
      0.10161299973032477,
      0.05043284045252011,
      0.7520055529040423,
      0.09594860691311262
    ],
    [
      0.08687761723015061,
      0.015387119646019017,
      0.026774481030479184,
      0.8709607820933513
    ],
    [
      0.26847508507893003,
      0.001870310500505496,
      0.4718106602827709,
      0.25784394413779343
    ],
    [
      0.2929101277661099,
      0.048311351306982456,
      0.046604272722681195,
      0.612174248204227
    ],
    [
      0.024413803196488455,
      0.006076822546062794,
      0.005130058559724663,
      0.9643793156977245
    ],
    [
      0.024349740576200315,
      0.004950723629342962,
      0.017368579875712407,
      0.9533309559187441
    ],
    [
      0.03106201636691841,
      0.023342667212263774,
      0.01400239429015217,
      0.9315929221306656
    ],
    [
      0.13524039590323667,
      0.011865190223161624,
      0.1564688298302302,
      0.6964255840433715
    ],
    [
      0.08596299764138836,
      0.1637760997383684,
      0.01917850518956765,
      0.7310823974306756
    ],
    [
      0.12027459139933137,
      0.011129840458202497,
      0.03338872645569139,
      0.835206841686775
    ],
    [
      0.5103337914780945,
      0.005383222771518603,
      0.1487422658584995,
      0.33554071989188716
    ],
    [
      0.28264562856985564,
      0.11811195029444727,
      0.409857913158471,
      0.18938450797722584
    ],
    [
      0.23656738847259876,
      0.018274716487387724,
      0.011332927280873999,
      0.7338249677591399
    ],
    [
      0.11819275533039728,
      0.03327529056128827,
      0.04461432267869258,
      0.8039176314296217
    ],
    [
      0.3051059285320508,
      0.10400251932531303,
      0.03000280002416369,
      0.5608887521184726
    ],
    [
      0.09295371211449366,
      0.054786105742921865,
      0.0547491194923207,
      0.7975110626502638
    ],
